0 1
0 2
0 98
1 99
1 82
2 3
2 4
3 4
3 5
4 5
4 6
5 6
5 7
6 8
7 8
8 10
9 10
9 11
10 11
10 22
11 12
12 13
12 14
13 14
13 15
14 15
14 85
14 89
16 66
17 19
18 19
18 20
19 20
20 21
21 22
22 24
23 64
24 25
24 26
24 76
25 26
25 27
26 27
26 28
27 28
27 29
28 29
28 30
29 31
31 33
31 62
32 33
34 35
34 36
36 37
36 38
38 40
39 40
40 41
40 42
41 42
41 43
41 60
42 44
42 62
43 44
43 45
45 46
46 47
48 49
49 51
50 51
51 53
53 54
53 55
54 55
55 56
55 57
56 57
57 58
57 59
58 59
58 60
60 61
61 63
62 63
62 64
63 64
63 65
65 67
66 68
67 68
67 69
68 69
68 70
69 70
69 71
70 72
71 73
72 73
73 74
77 78
78 79
78 80
79 80
79 81
80 82
81 82
81 83
82 83
82 84
83 85
84 85
84 86
85 87
86 87
86 88
87 88
87 89
89 90
90 91
91 92
91 93
94 95
94 96
95 96
96 97
96 98
97 99
98 99
