0 45 
1 37 
1 40 
1 27 
1 28 
2 18 
2 37 
2 41 
2 21 
3 8 
3 31 
3 17 
3 22 
4 7 
4 17 
4 40 
4 31 
5 10 
5 48 
6 45 
6 44 
6 14 
6 13 
7 22 
7 46 
8 24 
8 29 
9 22 
9 48 
9 37 
9 14 
9 21 
10 42 
10 23 
10 25 
10 32 
10 39 
12 45 
12 23 
12 26 
12 36 
12 21 
12 32 
12 37 
12 25 
13 48 
13 41 
13 42 
14 29 
14 21 
14 25 
14 35 
15 22 
15 42 
15 31 
15 35 
16 46 
16 23 
17 25 
18 27 
18 44 
19 37 
19 42 
19 49 
19 44 
21 40 
21 23 
21 36 
21 37 
22 37 
22 24 
22 38 
23 36 
23 39 
24 41 
24 34 
24 46 
25 40 
26 35 
26 49 
26 41 
27 32 
27 36 
28 34 
28 46 
28 37 
29 33 
32 33 
33 49 
33 47 
33 48 
33 35 
34 42 
39 47 
40 48 
40 49 
40 44 
42 46 
43 45 
46 48 
