0 1
0 199
0 52
0 116
1 3
2 141
2 108
3 94
3 13
4 5
4 184
5 190
6 7
6 88
7 8
7 164
8 137
9 10
10 131
11 139
12 47
13 172
14 92
15 199
15 75
15 176
16 17
17 129
17 159
18 162
19 20
20 21
21 40
22 23
23 143
24 25
24 85
25 130
25 174
26 195
27 170
28 133
28 60
28 118
29 30
30 80
30 93
31 119
32 96
33 136
33 56
34 35
34 51
34 195
35 134
35 177
36 145
37 38
37 130
38 189
39 178
39 175
40 152
41 183
42 52
43 106
44 45
44 114
44 128
44 150
45 46
45 84
46 182
46 170
47 48
47 148
48 93
49 199
49 166
50 51
51 92
53 54
54 55
54 74
54 86
54 143
55 150
57 63
58 168
59 60
61 117
62 63
63 130
64 75
65 71
66 96
66 69
67 156
68 69
69 171
70 71
71 72
72 196
73 185
76 91
77 78
77 180
78 79
79 171
80 176
81 147
81 188
82 152
82 106
82 140
82 192
83 84
84 110
87 88
87 155
89 90
90 91
91 92
92 135
92 198
94 95
94 100
95 96
96 170
97 98
98 99
99 100
99 103
99 193
101 102
102 103
104 105
105 106
107 174
108 178
109 179
111 112
111 152
112 113
113 114
115 116
117 118
117 163
118 189
118 191
119 120
119 181
120 121
121 151
122 123
123 124
124 125
125 126
126 127
127 128
128 168
129 130
129 179
130 153
131 132
132 199
132 147
132 190
133 134
134 135
136 137
137 138
138 139
139 147
141 152
142 149
144 170
144 161
145 164
146 147
149 150
151 152
154 155
155 194
156 157
157 158
158 192
160 161
162 163
165 178
167 168
169 196
173 174
182 183
183 184
185 186
186 187
187 188
196 197
197 198
