0 103
1 106
1 74
2 3
3 4
3 93
4 5
5 6
5 34
6 104
6 27
6 96
7 8
7 58
8 55
8 88
9 102
9 70
9 147
10 141
11 13
11 49
12 18
13 34
13 59
14 15
15 16
15 117
16 38
17 18
17 39
17 139
18 19
18 131
18 137
19 20
19 58
20 21
21 60
22 89
22 138
23 24
24 25
25 137
26 107
26 37
27 69
28 96
28 41
29 104
30 31
31 32
31 104
32 69
32 63
33 34
33 133
34 60
35 60
36 61
38 139
38 75
40 65
40 120
42 43
43 112
43 63
44 45
45 46
46 47
47 77
48 49
49 50
49 66
50 51
51 67
52 137
53 61
54 112
54 61
54 122
55 103
55 127
55 104
56 57
57 58
57 133
57 142
58 126
62 128
63 68
64 65
64 80
65 66
67 68
70 105
71 72
72 133
73 74
76 77
77 78
77 138
78 79
79 119
80 98
81 113
81 119
82 110
82 116
83 84
83 139
84 121
84 138
85 86
86 109
86 91
87 88
89 90
90 91
90 135
92 115
93 129
94 95
95 145
96 97
97 98
98 118
99 100
100 107
101 102
102 103
103 104
106 107
106 134
107 108
108 109
108 113
109 110
110 143
111 112
112 113
114 149
115 116
120 121
121 122
121 130
123 124
124 147
125 126
125 149
126 145
128 129
128 148
132 133
136 146
137 143
140 141
141 142
144 145
146 147
